sqft,bedrooms,bathrooms,age,distance,Price
3674,1,1,34,13.17429665,505568.4067
1360,5,2,15,14.18835411,221884.2918
1794,5,1,40,16.01795705,242481.0859
1630,2,2,35,17.85510417,202597.7917
1595,5,2,32,7.090905559,246335.1889
3592,2,3,3,7.823867576,562361.2648
2138,1,2,32,2.332647827,299779.7043
2669,4,3,13,11.77646275,420135.0745
966,4,1,20,1.200874339,157910.2513
1738,4,1,47,9.579161354,237084.6773
830,5,1,19,11.08157038,135923.8592
1982,1,1,7,6.087554417,283852.8912
2635,5,3,6,12.02124858,431864.5028
3944,5,1,2,1.094754874,638398.4903
3671,1,2,16,1.228289681,561081.4206
3419,1,2,32,16.54071093,460735.5781
630,1,2,47,7.523717508,56979.56498
2185,1,3,11,2.977679997,344964.64
3880,4,1,21,10.68374357,590680.5129
1269,3,1,21,15.51487429,180826.2514
2891,3,1,45,4.708510036,422187.9799
2015,1,3,29,12.64636428,268030.2714
3985,3,2,37,2.164275567,591525.4489
3353,3,2,37,1.507793563,495077.4129
2933,1,1,44,10.86141532,386584.1694
1715,3,2,7,11.04238487,270208.2303
1455,5,2,26,12.92988308,219830.2338
2824,2,3,26,14.65878101,398926.438
1684,2,3,33,19.52911555,216059.7689
959,1,3,20,10.56785679,132266.2864
3885,4,3,29,6.797651222,588068.6976
521,1,1,32,16.0061308,32721.7384
2800,4,3,27,5.7812289,438581.5422
1247,2,2,46,9.059942704,157327.1146
3404,1,1,32,2.029899436,488327.2011
974,5,2,4,0.994339497,204302.321
1582,3,2,47,19.27164409,182484.7118
3058,4,2,18,16.80161235,464845.7753
2547,3,3,3,14.07149702,386605.006
3247,3,3,34,8.474582416,478286.8352
1475,1,1,48,3.879239241,185003.5215
2306,3,1,16,3.550522332,361721.9553
689,5,3,43,5.379736514,121369.527
3505,3,2,27,11.20991996,513730.1601
3234,1,1,29,14.43462049,436401.759
3505,5,3,28,13.37384885,530362.3023
1062,2,3,45,5.95871099,129884.578
2399,3,3,5,19.11987297,368711.2541
1767,1,2,34,14.88898988,230438.0202
3379,2,3,40,11.30990402,474716.192
2028,2,3,36,12.42855455,276677.8909
3702,4,3,23,8.682201217,564426.5976
1146,5,3,28,5.330754295,199368.4914
2568,3,1,48,7.441467234,354968.0655
3388,1,1,45,15.27799915,438811.0017
2714,4,3,30,0.780673028,421600.6539
1797,5,2,34,2.76341649,298563.167
2935,4,1,32,1.397051519,451629.897
1100,5,3,20,1.294211645,202140.5767
2863,5,1,31,17.18148139,418435.0372
2561,3,1,22,14.22132826,364041.3435
741,5,2,32,9.746389667,118581.2207
2541,4,3,2,2.407766133,423664.4677
3324,5,3,17,10.08650956,523227.9809
3917,3,2,24,9.73269953,578930.6009
3112,3,2,41,3.877436463,454776.1271
3445,4,3,30,8.96010716,529197.7857
1863,2,3,2,8.270842321,303245.3154
2639,2,2,39,12.50907691,354370.8462
1890,5,1,45,12.88432619,264787.3476
3503,1,1,23,1.383428191,516199.1436
1978,5,2,49,7.804945985,293583.108
3999,4,1,31,12.70426836,579983.4633
3056,4,2,46,10.31115704,445741.6859
1275,4,1,21,17.2015519,188421.8962
534,4,1,22,13.34452582,72723.94837
2753,4,3,1,3.677221328,468660.5573
3652,3,3,26,1.876090574,570971.8189
2455,2,1,41,13.02717593,330002.6481
2085,4,1,1,1.016970556,354296.0589
3959,1,3,25,11.92262383,577753.7523
3573,1,3,16,18.83448971,505972.0206
1521,1,3,39,11.72174647,188200.5071
3961,1,2,32,8.069313561,560323.3729
3113,3,1,8,13.04412026,459185.7595
1629,1,3,42,9.435931365,201619.1373
2000,4,1,47,11.13952739,285590.9452
1202,5,2,38,18.85856377,156392.8725
2949,1,2,28,8.029001437,414879.9971
3277,3,3,41,19.24321599,466370.568
2079,3,2,25,18.15433752,285842.325
661,1,1,34,4.317927128,76999.14574
701,5,3,49,1.852545367,119158.9093
2481,1,1,24,2.465171027,352967.6579
1495,3,1,23,0.8553256,233974.3488
2817,2,2,12,2.341637735,429575.7245
1315,4,2,6,13.81863208,216728.7358
3842,3,2,35,1.888178645,577099.6427
955,1,2,44,6.720024791,105959.9504
1775,4,2,19,16.97506856,272755.8629
